> tig00000001_pilon
  CP014529.1    871410       196        22
  CP014529.1   1209029       197        22
  CP014529.1    555203       247        60
  CP014529.1   1023519       304        20
  CP014529.1    555264       308        34
  CP014529.1   2732994       325        40
  CP014529.1   1223509       366        20
  CP014529.1   2458414       377        39
  CP014529.1   2733319       408        32
  CP014529.1   2458454       417        68
  CP014529.1   2466424       441        46
  CP014529.1   1023698       481        36
  CP014529.1   1216474       536        22
  CP014529.1    648769       559        47
  CP014529.1     14354       611        29
  CP014529.1   2692326       619        22
  CP014529.1   1017568       629        21
  CP014529.1   2489543       631        20
  CP014529.1   2706343      4555        20
  CP014529.1    571875      6361        24
  CP014529.1    571904      6390        24
  CP014529.1   2692316     14896        20
  CP014529.1   2064726     14960        37
  CP014529.1   1579777     15022        22
  CP014529.1   2692470     15150        28
  CP014529.1    504136     15155        54
  CP014529.1   2323272     15206        20
  CP014529.1    132666     15212        23
  CP014529.1    606679     15290       115
  CP014529.1     16840     15363        43
  CP014529.1   2074458     16904        29
  CP014529.1   2074635     17081        32
  CP014529.1   2074737     17183        23
  CP014529.1   2074980     17426        23
  CP014529.1   2075100     17546        21
  CP014529.1   2588942     17664        20
  CP014529.1    663980     18283        23
  CP014529.1    608238     22988        20
  CP014529.1   1447040     22991        38
  CP014529.1    314694     23009        60
  CP014529.1    577984     23026        60
  CP014529.1   2578219     23042        48
  CP014529.1    826167     23070        23
  CP014530.1    159660     23978        22
  CP014529.1   2692322     37538        25
  CP014529.1   1473422     37539        25
  CP014529.1   1799032     37541        26
  CP014529.1     14362     37542        28
  CP014529.1   2466562     37546        26
  CP014530.1    120508     45648        27
  CP014530.1    120546     45686        32
  CP014530.1    120590     45730        58
  CP014529.1    530959     45780        22
  CP014529.1   1417974     45785       890
  CP014529.1   1418861     46671       653
  CP014529.1    532487     47307        22
  CP014530.1    120625     47321        37
  CP014530.1    120663     47359        24
  CP014529.1   2758152     47387        21
  CP014530.1    120813     47509        24
  CP014530.1    120838     47539        25
  CP014530.1    120915     47617        82
  CP014530.1    121001     47703        50
  CP014529.1   1432852     70247        20
  CP014529.1   1000350     74022        20
  CP014529.1    194159     74043        22
  CP014529.1   1415283     74044        33
  CP014529.1   1216348     74071        24
  CP014529.1    563080     74098        54
  CP014529.1    578663     74127        26
  CP014529.1    500950     74158        81
  CP014529.1   1725555     74240        30
  CP014529.1   1799024     77185        35
  CP014529.1   2595524     77220        22
  CP014529.1   2578274     77235        25
  CP014529.1   1473473     77242        35
  CP014529.1    472236     80810        21
  CP014529.1   2709709     88420        20
  CP014529.1   2326811     90274        23
  CP014529.1    959307     94400        36
  CP014529.1    359327     94448        20
  CP014529.1   2753179     94453        22
  CP014529.1   1023734     94476        58
  CP014529.1   2753261     94535        34
  CP014529.1   2750995     94562        26
  CP014529.1    194041     94591        23
  CP014529.1   2751026     94593        22
  CP014529.1   2466375     94594        24
  CP014529.1   1642413     94612        37
  CP014529.1    376129     94691        47
  CP014529.1   2753059     94701        43
  CP014529.1    497457    106031        21
  CP014529.1   2669419    124125        20
  CP014529.1   2577975    125780        21
  CP014529.1    607000    125784        30
  CP014529.1    825941    125825        65
  CP014529.1   2149856    125886        25
  CP014529.1    314473    125891        50
  CP014529.1    826029    125913        93
  CP014529.1    314637    125933        77
  CP014529.1    354742    126011        38
  CP014529.1    577999    126022        45
  CP014529.1    238300    126023        48
  CP014529.1     16617    126050        36
  CP014529.1    606697    126095        77
  CP014529.1   1329527    126172        20
  CP014529.1   2563099    126173        20
  CP014529.1   2578269    126194        29
  CP014529.1    314785    126203        39
  CP014529.1     16914    126225        90
  CP014530.1    147698    129588        20
  CP014529.1   1604695    132029        20
  CP014534.1     15043    152008        22
  CP014529.1   2434424    153268        26
  CP014529.1   2733153    153346        31
  CP014529.1   1329523    153389        24
  CP014530.1     45698    154199        56
  CP014530.1     45755    154257        28
  CP014530.1     45784    154286        27
  CP014530.1     45812    154314       529
  CP014530.1     46347    154849        21
  CP014530.1     46389    154891        29
  CP014530.1     46419    154921        92
  CP014530.1     46512    155014        51
  CP014530.1     47154    155080        38
  CP014530.1     47197    155123        62
  CP014529.1     54421    155184        26
  CP014529.1   2323228    155212        29
  CP014529.1    607971    155213        43
  CP014529.1    238228    155216        64
  CP014529.1   2069572    155257        56
  CP014529.1   2578245    155314        22
  CP014529.1   1017940    155316        23
  CP014529.1   2415167    170705       214
  CP014529.1   2741835    170920      3374
  CP014529.1   2514956    174295      1282
  CP014529.1   2418962    174500      1131
  CP014529.1   2746751    175836        97
  CP014529.1   2746849    175934        84
  CP014529.1   2747057    176142        26
  CP014529.1   1673756    177410        20
  CP014529.1     14806    177485        46
  CP014529.1   2133272    179065        22
  CP014529.1   2692322    181589        22
  CP014529.1   1599486    181616        20
  CP014529.1   2562922    181671        26
  CP014530.1     21210    186714        20
  CP014529.1   2617930    189911        21
  CP014529.1    825703    190039        52
  CP014529.1    606735    190093        39
  CP014529.1    165978    190103        50
  CP014529.1    377446    200769        27
  CP014529.1    377492    200815        27
  CP014529.1   1230915    201994        20
  CP014529.1     16506    202028        37
  CP014529.1    608097    202040        61
  CP014529.1   1447058    202079        42
  CP014529.1   1947098    218063        23
  CP014529.1   2751037    218103        22
  CP014529.1   1216595    218115        23
  CP014529.1    194252    218178        21
  CP014529.1   1023763    218246        29
  CP014529.1    194248    218296        27
  CP014529.1   2462824    218308        32
  CP014529.1   1799031    218681        20
  CP014529.1   2084831    218706        57
  CP014529.1   2446134    218716        51
  CP014529.1    825821    218719        54
  CP014529.1   1048680    218765        51
  CP014529.1   2616561    218768        70
  CP014529.1     14585    218783        56
  CP014529.1   2084968    218842        29
  CP014529.1     16518    218843       118
  CP014529.1   2458403    223120        41
  CP014529.1    887876    223170        21
  CP014529.1   2466416    223187        55
  CP014529.1    194248    223228        25
  CP014529.1   2727190    223264        20
  CP014529.1    347872    223290        33
  CP014529.1   2727247    223321        23
  CP014529.1    194248    223350        25
  CP014529.1    662682    223363        47
  CP014529.1   2733303    223389        40
  CP014529.1    887876    223413        21
  CP014529.1    648544    223458        48
  CP014529.1   1216412    223475        33
  CP014529.1   1208886    223486        45
  CP014529.1   1946858    223489        46
  CP014529.1   2732934    223508        41
  CP014529.1    258650    225212       264
  CP014529.1    258929    225491       239
  CP014529.1    259169    225731      1163
  CP014529.1    452294    227173        62
  CP014529.1    347824    227221        25
  CP014529.1    347850    227247        34
  CP014529.1    347885    227282        41
  CP014529.1    662780    227319        23
  CP014529.1   2458646    227341        20
  CP014529.1    350965    230362        41
  CP014529.1    354965    230383        33
  CP014529.1    351007    230404        34
  CP014529.1    351042    230439        25
  CP014529.1    144652    230824        26
  CP014529.1    618860    237977        75
  CP014529.1     28610    237990       100
  CP014529.1   1502512    247687       204
  CP014529.1   1373592    247690       888
  CP014529.1    292831    247892       862
  CP014529.1   1503522    248697        60
  CP014529.1   1223401    263529        43
  CP014529.1    555220    263534        60
  CP014529.1    452278    263574        77
  CP014529.1     79944    263604        53
  CP014529.1   1120492    263637        23
  CP014529.1    388136    263638        28
  CP014529.1   2466379    263667        28
  CP014529.1   1223560    263688        24
  CP014529.1    562942    263696        57
  CP014529.1   1023565    263742        23
  CP014529.1    648716    263780       157
  CP014529.1   2270747    278334        21
  CP014529.1    355048    278550        53
  CP014529.1     16763    278551        71
  CP014529.1   2112093    278645        21
  CP014529.1   2324288    278652        20
  CP014529.1    608447    278656        21
  CP014529.1    275026    284593        59
  CP014529.1    329534    284595       862
  CP014529.1   1502513    292497       203
  CP014530.1     24668    293226       339
  CP014530.1    145345    293934        21
  CP014529.1    118291    302193        93
  CP014529.1   1373683    302287       538
  CP014529.1   2103328    303037       226
  CP014529.1   2328113    304551        92
  CP014529.1    158891    310409        22
  CP014530.1    140821    311162        35
  CP014530.1    140857    311198        46
  CP014530.1    140910    311251        43
  CP014530.1    140954    311295        40
  CP014530.1    140995    311336        28
  CP014530.1    142124    311348        27
  CP014530.1    142152    311376       172
  CP014530.1    142330    311554        58
  CP014530.1    142389    311613        75
  CP014530.1    142722    311904        31
  CP014530.1    142755    311937        26
  CP014530.1    142782    311964        20
  CP014529.1    258652    313250       276
  CP014529.1    258929    313527      1402
  CP014530.1    149502    317838        27
  CP014529.1    351394    317956      1163
  CP014530.1     48373    317957      1680
  CP014529.1    352812    319374       264
  CP014529.1    122759    324168       435
  CP014529.1   2327418    324358       721
  CP014529.1   1368413    325073        69
  CP014529.1   1304049    327634        43
  CP014530.1    140800    327888        24
  CP014529.1   1329477    331184        20
  CP014529.1   2458395    339932        22
  CP014529.1   1208885    339939        21
  CP014529.1    452217    339940        48
  CP014529.1    423008    339996        64
  CP014529.1    959437    340024        37
  CP014529.1    452488    340088        29
  CP014529.1     80071    340092        37
  CP014529.1    887980    340093        40
  CP014529.1   1947021    340105        38
  CP014529.1   1947060    340144        39
  CP014529.1    359552    340166        21
  CP014529.1   1037052    340169        21
  CP014529.1   2340750    340171        23
  CP014529.1   2340767    340189        28
  CP014529.1    618861    352834        41
  CP014529.1   1840161    352905        90
  CP014529.1   1502513    362795       203
  CP014529.1   1503409    363691       171
  CP014529.1    258652    366889       276
  CP014529.1    258929    367166       239
  CP014529.1    259169    367406      1162
  CP014529.1    662901    371267        22
  CP014529.1     20660    383993        34
  CP014529.1    359965    384013        27
  CP014529.1   2069577    384076        25
  CP014529.1    504223    384107        22
  CP014529.1   2578257    384140        24
  CP014529.1     16793    384182        39
  CP014529.1    165947    384190        33
  CP014529.1    577851    384197        30
  CP014529.1     16837    384224        45
  CP014529.1   2692560    384227        46
  CP014529.1    871409    397232        24
  CP014529.1   1209060    397266        26
  CP014529.1   1238548    400766      1416
  CP014529.1    786742    401678       506
  CP014529.1     14863    402280        24
  CP014529.1   2084968    402307        29
  CP014529.1    165883    402407        20
  CP014529.1   1048542    402459        25
  CP014529.1   1130689    403322        20
  CP014529.1   2610571    409645        26
  CP014529.1   2610662    409684        23
  CP014529.1    388135    412260        50
  CP014529.1    662703    412281        60
  CP014529.1    175861    412385        20
  CP014529.1   1946866    412395        37
  CP014529.1    423016    412448        28
  CP014529.1    888034    412468        25
  CP014529.1   2555063    412478        22
  CP014529.1   1439620    412479        24
  CP014529.1    663026    412483        22
  CP014529.1    267857    419375        22
  CP014529.1   2434419    423287        47
  CP014529.1   2188557    423326        30
  CP014529.1   2434499    425462        32
  CP014529.1   1216596    425510        24
  CP014529.1   2088644    425524        31
  CP014529.1   1124224    425526        32
  CP014529.1     16428    425542        32
  CP014529.1   2088680    425560        20
  CP014529.1   1216569    425596        28
  CP014529.1    275026    425702       225
  CP014529.1   1818261    425704       434
  CP014529.1    214598    425875       368
  CP014529.1    329710    425880       413
  CP014529.1   1818851    426294       475
  CP014529.1   2310000    426619       153
  CP014529.1    347438    433610        26
  CP014529.1   1048619    440884        27
  CP014529.1     14642    440897        43
  CP014529.1   2323302    440971        24
  CP014529.1    826148    440981        41
  CP014529.1    648580    445557        34
  CP014529.1   2732957    445594        28
  CP014530.1    153643    450644       146
  CP014530.1    153790    450791       437
  CP014530.1    149528    451014       595
  CP014530.1    150124    451610       106
  CP014529.1    273648    454567        89
  CP014529.1     86688    454568       241
  CP014529.1    253389    454810       222
  CP014529.1     87226    455094       451
  CP014530.1    140577    455352       247
  CP014529.1   1189367    457334      1325
  CP014529.1   1818261    458930       434
  CP014529.1    214598    459101       368
  CP014529.1    329710    459106       413
  CP014529.1    276002    459904        93
  CP014529.1   1216547    460125        20
  CP014529.1   2727189    460209        21
  CP014529.1   2688907    462258        20
  CP014529.1   1914108    462699        20
  CP014529.1   2555110    473673        23
  CP014529.1   1023771    473720        32
  CP014529.1   2686692    479548      1628
  CP014529.1     96874    481372        42
  CP014529.1   1365884    490556        54
  CP014529.1    122743    490611       451
  CP014529.1   2327913    491312       288
  CP014529.1     87707    491577        25
  CP014529.1     85020    493246        22
  CP014529.1     80241    493296        29
  CP014529.1     80271    493326        21
  CP014529.1     80293    493348        34
  CP014529.1   1239963    493376       903
  CP014529.1   1962012    494280       441
  CP014529.1   1189368    494980       408
  CP014529.1   1189777    495389       545
  CP014529.1   1190323    495935        25
  CP014529.1   1190349    495961       343
  CP014529.1    943880    497669        32
  CP014529.1     84906    497961        34
  CP014529.1     84941    497996        21
  CP014529.1     84963    498018        29
  CP014529.1   2578116    498285        59
  CP014529.1   2323261    498345        26
  CP014529.1   1447060    498356        28
  CP014529.1     14745    498415        35
  CP014529.1     16869    498421        38
  CP014529.1   2054505    516961        46
  CP014529.1   2055431    517887        24
  CP014529.1    743922    520899        20
  CP014529.1    423078    523841        26
  CP014529.1    807353    523924        20
  CP014529.1   2576034    523936        27
  CP014529.1    606782    523993        25
  CP014529.1    504136    523999        29
  CP014529.1   1447073    524063        22
  CP014529.1   1910411    524086        22
  CP014530.1     95100    537690        21
  CP014530.1     95223    537813        23
  CP014530.1     95568    538158        20
  CP014530.1     95769    538359        23
  CP014530.1     96477    539067        26
  CP014530.1     96504    539094        21
  CP014530.1     96594    539184        21
  CP014530.1     96671    539261        24
  CP014529.1     29528    548738        22
  CP014529.1     29189    549067        32
  CP014529.1    340130    549510        49
  CP014529.1   2751243    549511        84
  CP014529.1    598948    549515       107
  CP014529.1    789613    549566        63
  CP014529.1    340198    549578       100
  CP014529.1   2056272    549606        84
  CP014529.1   2737647    550863        20
  CP014529.1    194261    557594        34
  CP014529.1   2555148    557653        24
  CP014529.1   1223262    561283        77
  CP014529.1    451973    561284        90
  CP014529.1    500950    561296        81
  CP014529.1   1223358    561378        41
  CP014529.1    562883    561405        43
  CP014529.1    194019    561406        45
  CP014529.1   2751026    561430        22
  CP014529.1   2466375    561431        24
  CP014529.1    299666    561454        71
  CP014529.1    662732    561456        95
  CP014529.1    452488    561552        29
  CP014529.1     80071    561556        37
  CP014529.1    887980    561557        40
  CP014529.1   1947021    561569        60
  CP014529.1    452518    561582        56
  CP014529.1    648891    561602        45
  CP014529.1    359327    561652       118
  CP014529.1    376223    561745        37
  CP014529.1   2014942    561799        28
  CP014529.1    152714    561828        32
  CP014529.1   1701881    563400        21
  CP014529.1    175984    563401        24
  CP014529.1    400757    563436        46
  CP014529.1    871482    563493        27
  CP014529.1   1223370    563508        74
  CP014529.1    555220    563544        57
  CP014529.1    137348    563603        43
  CP014529.1    887912    563609        49
  CP014529.1   1946956    563624        39
  CP014529.1    359449    563647        56
  CP014529.1    648890    563720        46
  CP014529.1    563287    563737        34
  CP014529.1   1253211    563864        30
  CP014529.1    618841    563876        25
  CP014529.1   2753296    563895        31
  CP014529.1    577650    563905        29
  CP014529.1   1987356    571609        22
  CP014529.1    530880    585125        21
  CP014529.1    606632    589964        20
  CP014529.1   1799029    589967        29
  CP014529.1     14362    589971        31
  CP014529.1    483719    590003        34
  CP014529.1   2563119    590004        38
  CP014529.1    104532    590023        21
  CP014529.1    483761    590045        51
  CP014529.1   2563169    590054        53
  CP014529.1    483813    590097        22
  CP014529.1   2499206    590176        63
  CP014529.1   2188419    591874        66
  CP014529.1    618862    591877        67
  CP014529.1   2618045    592168        43
  CP014529.1    483593    592170        43
  CP014529.1    360163    592239        22
  CP014529.1   2499110    592250        24
  CP014529.1    483700    592277        26
  CP014529.1    104532    592316        21
  CP014529.1    483761    592338        46
  CP014529.1    608390    592348        50
  CP014529.1    314466    592356        45
  CP014529.1   2149882    592384        27
  CP014529.1   2563207    592385        27
  CP014529.1    402120    596215        26
  CP014529.1    938339    596220       122
  CP014529.1    938462    596343        28
  CP014529.1    402270    596365        84
  CP014529.1    938515    596395        63
  CP014529.1    402355    596450        97
  CP014529.1    938579    596459       345
  CP014529.1    940195    598076      3563
  CP014529.1   2308932    601729        24
  CP014529.1    855045    601910        22
  CP014529.1   1598641    604757        23
  CP014529.1   1725599    605629        21
  CP014529.1     27405    605631        20
  CP014529.1   2733758    609504        36
  CP014529.1    825704    609908        52
  CP014529.1    606698    609924        46
  CP014529.1     16788    609927        44
  CP014529.1    165947    609940        33
  CP014529.1    577851    609947        32
  CP014529.1    354859    609955        40
  CP014529.1    359978    610019        34
  CP014529.1   2563119    610020        49
  CP014529.1    825943    610022        56
  CP014529.1    483759    610059        48
  CP014529.1    608390    610071        50
  CP014529.1    314466    610079        57
  CP014529.1    826029    610108        33
  CP014529.1    424911    610114        31
  CP014529.1    359978    610140        34
  CP014529.1   2563119    610141        49
  CP014529.1    825943    610143        56
  CP014529.1    483759    610180        48
  CP014529.1    608390    610192        50
  CP014529.1    314466    610200        57
  CP014529.1    863500    610229        34
  CP014529.1   1579724    610262        45
  CP014529.1    608095    610264        58
  CP014529.1   2323272    610307        20
  CP014529.1    132666    610313        28
  CP014529.1    354739    610323        41
  CP014529.1    577999    610337        32
  CP014529.1   2085043    610347        30
  CP014529.1   2728128    615150        20
  CP014529.1    504021    615884        27
  CP014529.1   2578272    615888        26
  CP014529.1    314785    615894        39
  CP014529.1    354944    616028        23
  CP014529.1    118058    616088        21
  CP014529.1   1791726    616117        20
  CP014529.1   1209125    633351        20
  CP014529.1    489848    633569        20
  CP014529.1    573714    636935        20
  CP014529.1   1642461    647648        27
  CP014535.1      6814    649974        22
  CP014529.1    194015    650692        46
  CP014529.1    662681    650694        50
  CP014529.1    662733    650746        80
  CP014529.1    563111    650800        28
  CP014529.1   1216682    650828        27
  CP014529.1    648887    650887        51
  CP014529.1    359525    650892        47
  CP014529.1    697574    650948        28
  CP014529.1   1650529    650951        28
  CP014529.1    116010    654371        20
  CP014529.1     97112    654978      1628
  CP014529.1   2683619    659612        20
  CP014529.1   2683666    659659        20
  CP014529.1    454143    673859        20
  CP014530.1     84845    676127        21
  CP014530.1     89394    692454        22
  CP014529.1   2650113    692583        28
  CP014529.1   2650687    693157        28
  CP014529.1   1541376    707738        20
  CP014529.1   1202061    717207        20
  CP014529.1    452537    717280        37
  CP014529.1    648891    717281        47
  CP014529.1    359525    717282        48
  CP014529.1   1037052    717312        21
  CP014529.1   1120489    725121        23
  CP014529.1    194016    725122        45
  CP014529.1    662681    725123        51
  CP014529.1   2466393    725168        28
  CP014529.1   2462627    725175        22
  CP014529.1    648536    725210        56
  CP014529.1   1216412    725235        33
  CP014529.1   1208886    725246        45
  CP014529.1   1946858    725249        76
  CP014529.1   1023480    725268        61
  CP014529.1    618809    725321        21
  CP014529.1    388356    725347        21
  CP014529.1   2198394    726565        45
  CP014529.1   1208934    726593        22
  CP014529.1   1216649    726646        22
  CP014529.1    359450    726667        70
  CP014529.1   1036977    726697        44
  CP014529.1   1134243    726726        20
  CP014529.1   1439727    726747        21
  CP014529.1    662899    726762        24
  CP014529.1    168581    732613        23
  CP014529.1    168617    732701        26
  CP014529.1   1439520    734307        21
  CP014529.1   2077416    734309        21
  CP014529.1   2555118    734339        26
  CP014529.1    662931    734356        38
  CP014529.1    648652    741677        24
  CP014529.1   1023542    741681        37
  CP014529.1   1223382    747518        36
  CP014529.1    555233    747555        47
  CP014529.1   2555059    747613        26
  CP014529.1   1439620    747618        24
  CP014529.1    662794    747635        22
  CP014529.1    501046    747752        22
  CP014529.1   1263779    748090        20
  CP014529.1   2692316    748234        20
  CP014529.1    967504    753786        20
  CP014529.1    560605    754336        20
  CP014529.1   1159952    758268        20
  CP014529.1   1725502    764907        29
  CP014529.1   1223262    764908        76
  CP014529.1    452065    765000        29
  CP014529.1    194124    765017        24
  CP014529.1    662921    765027        24
  CP014529.1    618798    765096        57
  CP014529.1    452301    765116        54
  CP014529.1     79944    765123        59
  CP014529.1   1642358    765145        49
  CP014529.1    662682    765156        45
  CP014529.1   1571909    765261        40
  CP014529.1   1036954    765286        22
  CP014529.1    452487    765302        21
  CP014529.1    648888    765350        41
  CP014529.1   1037080    765413        23
  CP014529.1   2466526    767214        20
  CP014529.1    396591    767243        25
  CP014529.1   1725597    767327        25
  CP014529.1    594240    779151        20
  CP014529.1   1571798    780053        22
  CP014529.1   1544143    780056        21
  CP014529.1   2750886    780064        27
  CP014529.1   2462712    780072        38
  CP014529.1   1023722    780075        54
  CP014529.1    452095    780179        20
  CP014529.1    562962    780258        31
  CP014529.1    887967    780318        22
  CP014529.1    396591    780350        26
  CP014529.1     20611    788126        24
  CP014529.1   2149859    788151        37
  CP014529.1   2595659    788213        26
  CP014529.1   1399532    798178        20
  CP014529.1   1363907    824667       378
  CP014529.1   1335303    824672      1515
  CP014529.1   1808940    826132        56
  CP014529.1    938318    826453       141
  CP014529.1    938460    826595       100
  CP014529.1    938578    826713       256
  CP014529.1    938835    826970        89
  CP014529.1    938925    827060      1431
  CP014529.1    942055    830287      1703
  CP014529.1   2308932    832080        24
  CP014529.1    855045    832261        22
  CP014529.1   1642173    832890        69
  CP014529.1   1000320    833225        20
  CP014529.1   1000275    833255        24
  CP014529.1   1000320    833881        20
  CP014529.1    855048    833918        20
  CP014529.1   1000275    833987        24
  CP014529.1   1171371    835123        21
  CP014529.1   1589539    835735      1517
  CP014529.1   1365372    837198        55
  CP014529.1   1439517    844009        26
  CP014529.1    137267    844014        22
  CP014529.1   2458280    844015        48
  CP014529.1   2753059    844026        63
  CP014529.1    618809    844090        24
  CP014529.1   2751024    844161        24
  CP014529.1   2471046    847592        20
  CP014529.1   1125163    851627        28
  CP014529.1   1542526    851653        25
  CP014529.1   1542563    851690        20
  CP014529.1   2088679    853707        21
  CP014529.1    577639    853732        20
  CP014530.1     86158    864499        24
  CP014529.1   2495683    872229        20
  CP014529.1   1202157    876675        28
  CP014529.1   1415371    876689        25
  CP014529.1   2576064    876749        20
  CP014529.1    355046    876824        55
  CP014529.1   2618102    876874        28
  CP014529.1    314593    876888        28
  CP014529.1    355146    876924        22
  CP014529.1    359948    880439        32
  CP014529.1   1447014    880474        22
  CP014529.1   2563120    880477        38
  CP014529.1   2563188    880545        38
  CP014529.1   2618101    880646        22
  CP014529.1    165956    880647        40
  CP014529.1   1017666    880672        25
  CP014529.1    350927    884629        20
  CP014529.1    825951    884658        48
  CP014529.1    483759    884687        48
  CP014529.1    608390    884699        52
  CP014529.1   2618045    884763        43
  CP014529.1    483593    884765        48
  CP014529.1    607845    884766        52
  CP014529.1    577806    884773        68
  CP014529.1    606721    884818        26
  CP014529.1    607898    884819        31
  CP014529.1    577875    884842        39
  CP014529.1    355127    884851        41
  CP014529.1    238334    884878        22
  CP014529.1    607967    884888        43
  CP014529.1   2578247    884995        21
  CP014529.1   2450016    893229        21
  CP014529.1   2450045    893258        21
  CP014529.1     16430    897000        30
  CP014529.1   1036988    897080        63
  CP014529.1    359521    897110        51
  CP014529.1   1799031    908593        25
  CP014529.1    807245    908726        27
  CP014529.1    998858    908759        35
  CP014529.1    152794    908764        32
  CP014529.1    154954    908829        47
  CP014529.1   1873034    910086        20
  CP014529.1   1350985    919526        21
  CP014529.1    938365    922696       150
  CP014529.1    938578    922909        78
  CP014529.1    938657    922988      1345
  CP014529.1    940003    924334       354
  CP014529.1    941879    926210      1878
  CP014529.1    407369    927914       214
  CP014529.1    596884    929504        20
  CP014529.1   1696705    935541        20
  CP014529.1   1192777    935764        22
  CP014529.1   1012082    946851        20
  CP014529.1   2374552    968699        21
  CP014529.1   2374575    968722        21
  CP014529.1    675570    981303        20
  CP014530.1    157065    984475      1345
  CP014529.1   2148280    984479      1503
  CP014530.1    198767    985878       105
  CP014529.1   2351383    991890        22
  CP014529.1   1799023   1002487        23
  CP014529.1   1446973   1002493        26
  CP014529.1    825661   1002496        26
  CP014529.1    238071   1002500        28
  CP014529.1    238094   1002522        23
  CP014529.1    504018   1002529        20
  CP014529.1    273645   1015090        92
  CP014529.1     86688   1015094       288
  CP014529.1    253209   1015156       721
  CP014530.1    140270   1015583       306
  CP014529.1     87472   1015878       205
  CP014530.1    140577   1015890       245
  CP014529.1    648600   1016346        20
  CP014529.1   2732954   1016360        21
  CP014529.1   1223559   1016368        25
  CP014529.1    562942   1016377        44
  CP014529.1    487991   1016461        23
  CP014529.1    299616   1018987        20
  CP014529.1   1253203   1019073        37
  CP014529.1   2340788   1019132        20
  CP014529.1   2084822   1019134        20
  CP014529.1    137293   1019969        24
  CP014529.1   1223449   1020008        28
  CP014529.1   1650485   1020035        23
  CP014529.1    423047   1020038        29
  CP014529.1   1097587   1020050        21
  CP014530.1     62630   1033142       679
  CP014530.1     24613   1033820       395
  CP014529.1   1380283   1048761        27
  CP014529.1    751061   1048904        25
  CP014529.1    751359   1049202        52
  CP014529.1    751412   1049255        44
  CP014529.1    751457   1049300        49
  CP014529.1    751532   1049375        32
  CP014529.1    751810   1049647        26
  CP014529.1    751954   1049791        40
  CP014529.1    752024   1050718        26
  CP014529.1    752612   1051276        23
  CP014529.1    752676   1051340        34
  CP014529.1    752744   1051408       115
  CP014529.1    752860   1051524        44
  CP014529.1    752914   1051578        83
  CP014529.1   1384424   1052751        28
  CP014529.1   1384496   1052821        20
  CP014529.1    754993   1052838        93
  CP014529.1   1384622   1052947        25
  CP014529.1   1384726   1053051       131
  CP014529.1    755251   1053096       926
  CP014529.1    756178   1054023        44
  CP014529.1   1385728   1054053        26
  CP014529.1    756223   1054068        43
  CP014529.1   1385755   1054080        41
  CP014529.1    756277   1054122        29
  CP014529.1    757392   1055974        62
  CP014529.1   1386960   1056022        37
  CP014529.1   1387106   1056168        26
  CP014529.1    757598   1056180        30
  CP014529.1   1387208   1056270       107
  CP014529.1    757794   1056376        35
  CP014529.1   1387316   1056378        45
  CP014529.1    757830   1056412        26
  CP014529.1   1387377   1056439        21
  CP014529.1    757867   1056449        21
  CP014529.1    757889   1056471        88
  CP014529.1    757978   1056560        44
  CP014529.1    758023   1056605        40
  CP014529.1    758064   1056646        54
  CP014529.1    758148   1056730        29
  CP014529.1    758182   1056764        39
  CP014529.1    758247   1056829        35
  CP014529.1    758283   1056865        29
  CP014529.1    758332   1056914        40
  CP014529.1   1387406   1056931       118
  CP014529.1   1387528   1057053        20
  CP014529.1   1387558   1057083        23
  CP014529.1   1387582   1057107        74
  CP014529.1    758579   1057161        64
  CP014529.1   1387681   1057206        73
  CP014529.1   1387755   1057280        26
  CP014529.1   1387810   1057335        25
  CP014529.1   1387851   1057376       104
  CP014529.1   1387956   1057481        23
  CP014529.1    759579   1058347      2201
  CP014529.1    761782   1060550       134
  CP014529.1    761918   1060686        42
  CP014529.1    761234   1060717        28
  CP014529.1    761719   1061360        26
  CP014529.1    761746   1061387        41
  CP014529.1    762174   1061624        23
  CP014529.1    762509   1061798        20
  CP014529.1    299933   1072527        21
  CP014529.1   1405761   1078442        31
  CP014529.1   1405793   1078474        59
  CP014529.1   1405886   1078567        20
  CP014529.1   1405916   1078597        38
  CP014529.1   1405964   1078645        29
  CP014529.1   1406030   1078711        44
  CP014529.1   1406075   1078756        54
  CP014529.1   1406136   1078817        22
  CP014529.1   1406218   1078899        41
  CP014529.1   1406261   1078942       242
  CP014529.1   1406504   1079185      4989
  CP014529.1    782644   1084176      6280
  CP014529.1    788923   1090456        99
  CP014529.1   1348857   1090562        37
  CP014529.1   1346278   1090568        57
  CP014529.1   1348901   1090607        26
  CP014529.1    747424   1090818        32
  CP014529.1    747573   1090860        93
  CP014529.1   2230846   1112397        23
  CP014529.1   2230875   1112426        23
  CP014530.1    153646   1112456       143
  CP014530.1    153790   1112600       437
  CP014530.1    149528   1112823       700
  CP014529.1   1627906   1113524        21
  CP014529.1   2215951   1125790        24
  CP014529.1   1417975   1125798        34
  CP014530.1    121057   1125799       776
  CP014529.1   1418343   1126166       471
  CP014530.1    121887   1126629        35
  CP014529.1   1418815   1126638       333
  CP014530.1    122163   1126905       430
  CP014529.1   1419149   1126972       364
  CP014529.1   2217481   1127320        24
  CP014530.1     51964   1131733        21
  CP014529.1   1317303   1134384       779
  CP014535.1     55038   1134385       888
  CP014529.1   1318308   1135389      1343
  CP014529.1   2616688   1144856        45
  CP014529.1    608442   1144904        20
  CP014529.1    648614   1152483        22
  CP014529.1   1466252   1152944        21
  CP014529.1    648600   1154297        20
  CP014529.1    154932   1154708        30
  CP014529.1   2751358   1154810        66
  CP014529.1    670161   1171206        20
  CP014529.1   1335300   1180608      1517
  CP014529.1   1655292   1180609      1517
  CP014529.1   1880235   1186436        20
  CP014529.1   1633305   1189784        20
  CP014531.1      3067   1190936        21
  CP014529.1   1650390   1193375        21
  CP014529.1   2750887   1193386        27
  CP014529.1   2555110   1193399        37
  CP014529.1    452377   1193414        25
  CP014529.1    452429   1193466        33
  CP014529.1   1230915   1195015        20
  CP014529.1   1363906   1197664        31
  CP014529.1   1223631   1197669      1515
  CP014529.1   1807480   1197670      1515
  CP014529.1   1247960   1198748       438
  CP014529.1    399201   1210001        22
  CP014529.1    938586   1213723       338
  CP014529.1    940195   1215333       161
  CP014529.1    943564   1218799       277
  CP014529.1   1000320   1219433        20
  CP014529.1    855048   1219502        22
  CP014529.1   1102094   1219572        84
  CP014529.1   1102180   1219818        74
  CP014529.1   1102180   1220254        74
  CP014529.1    744419   1226917        20
  CP014529.1   1209031   1227581        20
  CP014529.1    950926   1227583        33
  CP014529.1   2434419   1227602        35
  CP014529.1    648652   1227659        31
  CP014529.1   1725610   1227726        21
  CP014529.1    299622   1231181        21
  CP014529.1    359561   1231210        21
  CP014529.1    275025   1239741       226
  CP014529.1   2309083   1239744       392
  CP014529.1   1605196   1239798      1011
  CP014530.1    143733   1240659       153
  CP014529.1   1244030   1243211      1798
  CP014530.1      9556   1243215      1796
  CP014529.1    598599   1254467        20
  CP014529.1   2489567   1254595        21
  CP014529.1    152733   1254620        31
  CP014529.1    873435   1257260        20
  CP014529.1   2732921   1258222        30
  CP014529.1    359457   1258339        47
  CP014529.1    563037   1258364        27
  CP014529.1   1571965   1258370        44
  CP014529.1    452519   1258387        55
  CP014529.1    648891   1258406        47
  CP014529.1    359525   1258407        57
  CP014529.1   1799018   1258450        23
  CP014529.1    423113   1258483        33
  CP014530.1     47236   1258504        23
  CP014529.1   1226308   1260981        21
  CP014529.1   2608968   1265858        21
  CP014529.1    560722   1268174        21
  CP014529.1    560840   1268292        23
  CP014529.1    561083   1268535        23
  CP014529.1    561176   1268628        32
  CP014529.1    561356   1268808        29
  CP014529.1    618752   1273662       103
  CP014529.1   1571886   1273728        61
  CP014529.1    452488   1273793        20
  CP014529.1   1947025   1273814        56
  CP014529.1    452518   1273823        56
  CP014529.1    648891   1273843        44
  CP014529.1   1725598   1273902        23
  CP014529.1   1947031   1278488        43
  CP014529.1   1439727   1278517        21
  CP014529.1    563292   1278532        37
  CP014529.1   1666648   1278741        21
  CP014529.1   2058733   1284522        40
  CP014529.1     28598   1286939        84
  CP014529.1   1840222   1287017        29
  CP014529.1     60377   1287840        24
  CP014529.1     61281   1288744        46
  CP014529.1    979762   1289538        20
  CP014529.1   1078819   1300006       374
  CP014529.1   1126626   1301467        59
  CP014529.1     16461   1328325        28
  CP014529.1   2003793   1339456        21
  CP014529.1   2003818   1339481        21
  CP014529.1   2003139   1340122        34
  CP014529.1    617541   1348512        20
  CP014529.1      6657   1355917        22
  CP014529.1   1579490   1357865        21
  CP014529.1    752332   1362334        21
  CP014529.1     83567   1380842       441
  CP014529.1   1347106   1380844      1339
  CP014529.1    360202   1396174        23
  CP014529.1    238105   1396196        39
  CP014529.1   1048680   1396242        45
  CP014529.1    825876   1396251        40
  CP014529.1    863370   1396274        22
  CP014529.1     14625   1396300        39
  CP014529.1    238250   1396342        23
  CP014534.1      4344   1402159        20
  CP014529.1     16428   1405951        23
  CP014529.1    452488   1408529        29
  CP014529.1    115569   1429167        20
  CP014529.1     54180   1432862        22
  CP014529.1     16463   1432958        23
  CP014529.1   1766067   1454547        22
  CP014529.1   2156839   1463040        20
  CP014529.1   1473899   1469218        20
  CP014529.1   2433189   1470241        20
  CP014529.1   1363911   1482074       374
  CP014529.1    775432   1482075      1517
  CP014529.1   1857234   1486039        22
  CP014529.1   1729076   1496690        22
  CP014529.1    225293   1503044        90
  CP014529.1    598990   1503072        65
  CP014529.1    789613   1503081        63
  CP014529.1    340198   1503093        74
  CP014530.1    153645   1509093       144
  CP014530.1    153790   1509238       437
  CP014530.1    149528   1509461       304
  CP014530.1    149833   1509766       393
  CP014529.1   1832046   1511211        38
  CP014529.1   1823198   1520050        21
  CP014529.1   1823224   1520076        21
  CP014529.1    359556   1520188        23
  CP014529.1   1253225   1520189        24
  CP014529.1   1373590   1523968       401
  CP014529.1    151519   1523969       475
  CP014529.1   1503145   1524600       436
  CP014529.1   1572109   1531800        21
  CP014530.1    194369   1534297       466
  CP014529.1   2144110   1534300      1515
  CP014529.1   1216682   1544118        29
  CP014529.1    452488   1544131        29
  CP014529.1   1571968   1544148        22
  CP014529.1   1627907   1544177        20
  CP014529.1    359548   1544204        25
  CP014529.1   1037052   1544211        21
  CP014529.1    501068   1544236        35
  CP014529.1   2340785   1544249        23
  CP014529.1   2084822   1544254        23
  CP014529.1   1794772   1548473        22
  CP014529.1   1794800   1548501        22
  CP014529.1   2727161   1551549        20
  CP014529.1    898520   1562418        20
  CP014530.1     25024   1571934        20
  CP014529.1   1888726   1577206        22
  CP014531.1     15064   1579182       315
  CP014529.1   2309082   1579184       393
  CP014529.1   1605196   1579239       518
  CP014529.1   1605715   1579758       503
  CP014529.1   1545261   1585584        20
  CP014530.1     15881   1587847        20
  CP014529.1   1666645   1589482        21
  CP014529.1   2577863   1589929        21
  CP014529.1   1846583   1614197        22
  CP014529.1   2115548   1617664        21
  CP014529.1   2575946   1617673        25
  CP014529.1    504018   1617710        30
  CP014529.1   2578272   1617717        27
  CP014529.1   1473473   1617726        37
  CP014529.1    807435   1617764        30
  CP014529.1     14867   1641393        21
  CP014529.1   2407734   1646570        20
  CP014529.1   1686740   1656533        22
  CP014529.1   1421956   1663684        20
  CP014535.1      8477   1673433        20
  CP014529.1    795830   1675547        20
  CP014529.1   1811474   1676628        20
  CP014529.1   1753792   1676629        21
  CP014529.1   1859704   1686485      1516
  CP014529.1   2161169   1686486      1517
  CP014530.1    148044   1688211        20
  CP014529.1   2692319   1692738        28
  CP014529.1   1473422   1692742        28
  CP014529.1    354680   1692780        27
  CP014529.1   2323237   1692787        23
  CP014529.1    606835   1692819        58
  CP014529.1   2149899   1692884        21
  CP014529.1    607013   1700776        29
  CP014529.1   2577997   1700781        30
  CP014529.1   2695623   1700807        27
  CP014529.1    483639   1700845        37
  CP014529.1    165950   1700848        37
  CP014529.1   2578104   1700888        49
  CP014529.1    675520   1700938        28
  CP014529.1   2069578   1700976        55
  CP014529.1   2578202   1700984        65
  CP014529.1   1447119   1701029        22
  CP014529.1   2510339   1701053        69
  CP014529.1   2153491   1709970        20
  CP014529.1   1629835   1713440        20
  CP014529.1   1628801   1714456        38
  CP014529.1   2229750   1715368        21
  CP014530.1    179657   1724694        20
  CP014529.1   2098286   1726265       138
  CP014529.1   2098425   1726404      1655
  CP014529.1   1347106   1735662      1338
  CP014530.1     25611   1735716      1287
  CP014529.1   1763034   1737077       503
  CP014530.1     62632   1737087      1012
  CP014530.1     24952   1738100        55
  CP014529.1    446239   1738580        20
  CP014529.1    396652   1743789        20
  CP014529.1   2738518   1744631        23
  CP014529.1   2041770   1752235        58
  CP014529.1   2506046   1752239      1517
  CP014529.1    887999   1763496        25
  CP014529.1   1415336   1763521        46
  CP014529.1   2732991   1763526        45
  CP014529.1   1985409   1763784        21
  CP014529.1   1811474   1771165        21
  CP014529.1   2084881   1771286        44
  CP014529.1    607013   1771341        29
  CP014529.1   2577997   1771346        40
  CP014529.1   1017814   1771347        62
  CP014529.1    608269   1771422        50
  CP014529.1    577990   1771435        54
  CP014529.1   2578219   1771445        48
  CP014529.1   1447119   1771473        23
  CP014529.1   2563223   1771475        22
  CP014529.1   1473487   1771519        21
  CP014529.1    180996   1771536        20
  CP014529.1   1460908   1784634        20
  CP014529.1   1757691   1798014        20
  CP014529.1   2563221   1799131        21
  CP014529.1   2491585   1800712        20
  CP014529.1   2491617   1800744        25
  CP014529.1   2635540   1801899        20
  CP014529.1   1526571   1816679        20
  CP014529.1   1526596   1816704        20
  CP014529.1     54423   1820743        20
  CP014529.1   1515682   1827557        27
  CP014529.1   1515711   1827586        27
  CP014529.1   1230098   1832056        20
  CP014529.1    618865   1835673        70
  CP014529.1     28610   1835681        72
  CP014529.1   1840222   1835747        29
  CP014529.1    606802   1835805        23
  CP014529.1    329531   1839713        60
  CP014529.1   1818259   1839714       436
  CP014529.1    214598   1839887       368
  CP014529.1    329710   1839892       686
  CP014529.1    330397   1840579       204
  CP014529.1    354976   1862748        21
  CP014529.1   1874057   1869376        20
  CP014529.1   1725502   1869755        29
  CP014529.1   1725532   1869785        37
  CP014529.1   1650525   1869845        28
  CP014529.1   1415395   1869846        31
  CP014529.1   2190330   1877022        21
  CP014529.1   1558641   1882367        20
  CP014529.1   1571799   1896153        23
  CP014529.1   2458280   1896156        25
  CP014529.1    376167   1896195        42
  CP014529.1    555260   1896217        38
  CP014529.1   2732994   1896238        40
  CP014529.1   1253223   1896263        25
  CP014529.1   2340776   1896296        26
  CP014529.1   1225167   1896299        24
  CP014529.1   1440078   1903171        22
  CP014529.1   1440102   1903195        22
  CP014529.1   2578221   1903726        46
  CP014529.1   2499260   1903752        26
  CP014529.1    508021   1910423        20
  CP014529.1   1679591   1921319        20
  CP014529.1    888117   1921764        21
  CP014529.1   1417968   1923775        23
  CP014529.1    530964   1923781      1540
  CP014529.1   1419497   1925304        23
  CP014529.1    847881   1925771        20
  CP014529.1   1344443   1925802      1340
  CP014529.1   1473418   1927869        31
  CP014529.1   2466581   1927899        25
  CP014529.1     16510   1927905        33
  CP014529.1   1579728   1927913        46
  CP014529.1    504211   1927979        33
  CP014529.1   2256987   1928257        54
  CP014529.1   2510343   1928265        61
  CP014529.1   2257091   1928346        41
  CP014529.1   2257133   1928388        21
  CP014529.1   2257176   1928431        21
  CP014530.1     83017   1928494      1416
  CP014529.1   1242404   1929583       328
  CP014529.1   2257261   1929936        29
  CP014529.1   2257323   1929998        24
  CP014529.1   2257364   1930039       178
  CP014529.1   1413058   1930217        20
  CP014529.1   2257570   1930245        22
  CP014529.1   2258221   1930890        20
  CP014529.1   2258242   1930911        20
  CP014529.1   2258263   1930932        26
  CP014529.1   2258510   1931192        77
  CP014529.1   2258588   1931270        50
  CP014529.1   2258714   1931396        23
  CP014529.1   2258764   1931446        37
  CP014529.1   2258819   1931500        60
  CP014529.1   2258932   1931613        44
  CP014529.1   2259049   1931730        23
  CP014529.1   2259076   1931757        41
  CP014529.1   2259121   1931802      4989
  CP014529.1   2264111   1936792       242
  CP014529.1   2264355   1937036        41
  CP014529.1   2264456   1937137        22
  CP014529.1   2264485   1937166        54
  CP014529.1   2264540   1937221        44
  CP014529.1   2264621   1937302        29
  CP014529.1   2264660   1937341        38
  CP014529.1   2264708   1937389        20
  CP014529.1   2264762   1937443        59
  CP014529.1   2264822   1937503        31
  CP014529.1   2545100   1943743        20
  CP014529.1   2284535   1953956        56
  CP014529.1   2284592   1954013        29
  CP014529.1   2284622   1954043        48
  CP014529.1   2284685   1954106       263
  CP014529.1   2285107   1954552        22
  CP014529.1   2285791   1955316        23
  CP014529.1   2285815   1955340       104
  CP014529.1   2285935   1955460        25
  CP014529.1   2285989   1955514        26
  CP014529.1   2286016   1955541        73
  CP014529.1   2286090   1955615        23
  CP014529.1   2286114   1955639        74
  CP014529.1   2286189   1955714        23
  CP014529.1   2286222   1955747        20
  CP014529.1   2286246   1955771       118
  CP014529.1   2286835   1955897        21
  CP014529.1   2286872   1955934        45
  CP014529.1   2286918   1955980       107
  CP014529.1   2287062   1956124        22
  CP014529.1   2287101   1956163        26
  CP014529.1   2287236   1956298        37
  CP014529.1   2287274   1956336        34
  CP014529.1   2287323   1956385        28
  CP014529.1   2287406   1956468        62
  CP014529.1   2287514   1956576        82
  CP014529.1   2287597   1956659        23
  CP014529.1   2289174   1957499        41
  CP014529.1   2289216   1957541        26
  CP014529.1   2289273   1957598       490
  CP014529.1   2289764   1958089        68
  CP014529.1   2289833   1958158        50
  CP014529.1   2289908   1958233        41
  CP014529.1   2289950   1958275        65
  CP014529.1   2290016   1958341        59
  CP014529.1   2290076   1958401        20
  CP014529.1   2290113   1958438       131
  CP014529.1   2290323   1958648        25
  CP014529.1   2290420   1958745        33
  CP014529.1   2290454   1958779        20
  CP014529.1   2290516   1958843        28
  CP014529.1   2294507   1962985        27
  CP014532.1      2237   1963752        21
  CP014529.1    275027   1968638       224
  CP014529.1   1818261   1968639       434
  CP014529.1    214598   1968810       368
  CP014529.1    329710   1968815       888
  CP014530.1    143152   1968973       732
  CP014530.1    155356   1974692        25
  CP014530.1    155443   1974779        27
  CP014530.1    139781   1974813       241
  CP014529.1    253389   1975055       541
  CP014530.1    140270   1975302       306
  CP014529.1   1366076   1975669        22
  CP014529.1   1417975   1975675        34
  CP014530.1    121057   1975676       776
  CP014529.1   1418343   1976043       471
  CP014530.1    121887   1976506        35
  CP014529.1   1418815   1976515       333
  CP014530.1    122163   1976782       430
  CP014529.1   1419149   1976849       364
  CP014529.1   1367604   1977197        22
  CP014530.1    140626   1977212       196
  CP014529.1     87678   1977357        54
  CP014529.1   2518253   1979010       378
  CP014529.1   2145600   1979358        31
  CP014529.1   1017558   1979512        21
  CP014529.1   2259071   1981508        21
  CP014529.1   1360309   1982966        20
  CP014529.1    354680   1988767        27
  CP014529.1   1353062   1990172        20
  CP014529.1   1353103   1990213        20
  CP014529.1   2423748   1992289        21
  CP014529.1   2252662   1994368        26
  CP014529.1   2252696   1994401        37
  CP014529.1   2252774   1994479        52
  CP014529.1   2252891   1994595        23
  CP014529.1   2256436   1994661        56
  CP014529.1   2256533   1994758        93
  CP014529.1   1961112   1994850      1339
  CP014530.1    150914   1994851      1340
  CP014529.1   2256618   1996189        24
  CP014529.1   2256672   1996244        72
  CP014529.1   2256750   1996324        34
  CP014529.1   2256803   1996377       150
  CP014529.1   2256948   1996521        27
  CP014529.1   2256984   1996557        77
  CP014529.1   2257062   1996635        44
  CP014529.1   2257107   1996680        25
  CP014529.1   2257133   1996706        21
  CP014529.1   2252670   1996960        57
  CP014529.1   1416153   1997512      1340
  CP014529.1   1343564   1999676        22
  CP014529.1   1343597   1999709        22
  CP014529.1   1344444   2003879      1339
  CP014529.1   2517111   2006477      1515
  CP014529.1   2161170   2006478      1517
  CP014529.1   1267345   2013743        25
  CP014529.1    424875   2013748        24
  CP014529.1    247084   2013798        20
  CP014529.1   2206563   2023644      1343
  CP014529.1   2208132   2025213       779
  CP014529.1   1243500   2032179        20
  CP014530.1     39011   2033864        20
  CP014529.1   2255019   2039051        39
  CP014529.1   2255339   2039370        29
  CP014529.1   2255582   2039613        23
  CP014529.1   2256016   2040047        23
  CP014529.1   2256040   2040071        26
  CP014529.1   2256264   2040295        30
  CP014529.1   2256343   2040374        43
  CP014529.1    275027   2041186        36
  CP014529.1   2309119   2041223       356
  CP014529.1   1605196   2041241       696
  CP014529.1   1329527   2075925        25
  CP014529.1   2595188   2079496        20
  CP014530.1     93577   2086999        26
  CP014530.1     93604   2087026        91
  CP014530.1     93720   2087142       113
  CP014530.1     93877   2087299        34
  CP014530.1     93921   2087343        20
  CP014530.1     93942   2087364        32
  CP014530.1     93992   2087414        65
  CP014530.1     94068   2087490       158
  CP014530.1     94227   2087649        45
  CP014530.1     94273   2087695        60
  CP014530.1     94347   2087769       247
  CP014530.1     94595   2088017       377
  CP014529.1   2148280   2088394      1503
  CP014530.1    198767   2089793       105
  CP014530.1     94964   2089897        67
  CP014530.1     95032   2089965        54
  CP014529.1   1823082   2090046        24
  CP014529.1   1447007   2090047        25
  CP014529.1     14394   2090054        30
  CP014529.1   2324185   2090055        37
  CP014529.1    355048   2090057        53
  CP014529.1     16763   2090058        69
  CP014529.1    165947   2090096        32
  CP014529.1   2256415   2094366        52
  CP014529.1   2256643   2094577        42
  CP014529.1   2256694   2094628        28
  CP014529.1   2256723   2094657        59
  CP014530.1    123693   2095675       739
  CP014529.1   2098286   2097467      1798
  CP014530.1    187678   2099714        26
  CP014529.1   1311096   2099775        20
  CP014529.1   1243445   2099786        28
  CP014529.1   1243481   2099822        28
  CP014529.1   1413384   2100563       328
  CP014529.1   1238548   2100564       920
  CP014530.1     25555   2101988        53
  CP014529.1   1347105   2101989       626
  CP014529.1   1416154   2101990      1339
  CP014529.1     84009   2102430       903
  CP014529.1   1079207   2103330      1418
  CP014529.1   2257261   2104774        20
  CP014529.1   2257374   2104887        24
  CP014529.1   2257480   2104993        41
  CP014529.1   2257522   2105035        20
  CP014529.1   2257543   2105056        26
  CP014529.1   2257593   2105106        23
  CP014529.1   1511219   2113178        20
  CP014529.1   2082293   2116967        21
  CP014529.1    606632   2118103        25
  CP014529.1   1446972   2118105        24
  CP014529.1   2064645   2118117        20
  CP014529.1   2041771   2118147        57
  CP014529.1   2144111   2118150      1515
  CP014529.1   2695623   2119668        24
  CP014529.1   2326902   2119712        25
  CP014529.1    165970   2119729        37
  CP014529.1    825798   2119767        35
  CP014529.1   2323259   2119819        28
  CP014529.1     14706   2119852        74
  CP014529.1     16869   2119897        41
  CP014529.1   2578271   2119914        27
  CP014529.1    314785   2119921        25
  CP014529.1     16928   2119957        77
  CP014529.1   2446153   2126522        42
  CP014529.1    863369   2126583        23
  CP014529.1   2616630   2126625        22
  CP014529.1    152754   2126676        24
  CP014529.1    825746   2126678        30
  CP014529.1    152664   2126699        28
  CP014529.1    118143   2126729        20
  CP014529.1    825943   2126753        56
  CP014529.1    483759   2126790        31
  CP014529.1    577732   2126800        22
  CP014529.1    608410   2126822        32
  CP014529.1    504193   2126924        24
  CP014529.1   2709927   2134151        20
  CP014529.1    504022   2134167        26
  CP014529.1   2578272   2134170        27
  CP014529.1   1473473   2134179        35
  CP014529.1    180996   2134210        26
  CP014529.1    578072   2134245        22
  CP014529.1   2616683   2134340        22
  CP014529.1    238328   2134390        21
  CP014529.1    165968   2134470        39
  CP014529.1   1799024   2141068        22
  CP014529.1   1446973   2141073        23
  CP014529.1   2064645   2141084        20
  CP014529.1   2466592   2141111        28
  CP014529.1   2578272   2141116        25
  CP014529.1   2626071   2141215        20
  CP014529.1    359414   2143120        29
  CP014529.1   1023780   2143228        23
  CP014529.1   2407509   2150497        22
  CP014535.1     64311   2152603       916
  CP014529.1    119629   2152604      1325
  CP014529.1   2508154   2171904        21
  CP014529.1   1160333   2182914        23
  CP014529.1   1160359   2182940        23
  CP014529.1   2585010   2183324        20
  CP014529.1   1158005   2185240        23
  CP014529.1   1158033   2185268        23
  CP014529.1    606843   2195781        21
  CP014529.1     97113   2203529      1627
  CP014529.1    807349   2209027        26
  CP014529.1    174946   2212587        20
  CP014529.1   2041769   2216611        59
  CP014529.1   2506046   2216616      1516
  CP014529.1   2491640   2218105        28
  CP014529.1    152730   2219040        32
  CP014529.1   1447014   2222663        41
  CP014529.1    607971   2222665        43
  CP014529.1    238228   2222668        45
  CP014529.1   1447060   2222709        29
  CP014529.1    314628   2222781        23
  CP014529.1   2618154   2222784        23
  CP014529.1    936352   2238382        22
  CP014529.1   2123639   2241118        84
  CP014529.1   2323224   2245688        21
  CP014529.1   2618102   2245742        23
  CP014529.1    354871   2245759        28
  CP014529.1   2578272   2245817        26
  CP014529.1    314785   2245823        30
  CP014529.1   1238548   2262671      1418
  CP014529.1   2042915   2264103       374
  CP014529.1   2595498   2274585        21
  CP014529.1    359472   2294565        51
  CP014529.1    648888   2294614        48
  CP014529.1    563287   2294633        36
  CP014529.1    137377   2294650        27
  CP014529.1    175804   2294729        25
  CP014529.1   2577862   2306193        23
  CP014529.1   2446152   2306245        63
  CP014529.1   2616557   2306275        44
  CP014529.1    825911   2306320        30
  CP014529.1   1447060   2306395        30
  CP014529.1   1017893   2306407        26
  CP014529.1    980371   2310811        20
  CP014529.1    606666   2319462        24
  CP014529.1    675507   2319468        22
  CP014529.1    104536   2319493        32
  CP014529.1    483754   2319504        58
  CP014529.1   2563169   2319520        54
  CP014529.1    826000   2319529        62
  CP014529.1    577774   2319562        36
  CP014529.1    577807   2319596        67
  CP014529.1    606721   2319640        26
  CP014529.1    607898   2319641        31
  CP014529.1    577875   2319664        32
  CP014529.1   1017691   2319692        37
  CP014529.1    314523   2319708        23
  CP014529.1   2601580   2319717        37
  CP014529.1    826083   2319734        82
  CP014529.1   1017896   2319774        43
  CP014529.1    577988   2319778        43
  CP014529.1    422949   2325333        23
  CP014529.1    137266   2325334        23
  CP014529.1   2458280   2325336        48
  CP014529.1   1223386   2325337        58
  CP014529.1   1023479   2325357        43
  CP014529.1   1036863   2325377        26
  CP014529.1    648652   2325416        41
  CP014529.1   1571886   2325420        62
  CP014529.1   1216682   2325472        29
  CP014529.1    452488   2325485        29
  CP014529.1     80071   2325489        37
  CP014529.1    887980   2325490        40
  CP014529.1   1947021   2325502        60
  CP014529.1    452518   2325515        56
  CP014529.1    648891   2325535        45
  CP014529.1    563287   2325551        36
  CP014529.1   1023567   2325568        37
  CP014529.1   2462598   2325605        25
  CP014529.1    577640   2325707        21
  CP014529.1   1363762   2325717        21
  CP014529.1   2396424   2331194        20
  CP014529.1     16611   2342919        24
  CP014529.1    504246   2342926        20
  CP014529.1   2434501   2344403        35
  CP014529.1   1032465   2362905        20
  CP014529.1   2053737   2363514        20
  CP014529.1    275026   2364249       225
  CP014529.1   2309083   2364251       392
  CP014529.1   1605196   2364305       518
  CP014529.1   2589492   2375772        20
  CP014529.1    643815   2376491        20
  CP014529.1    966683   2376566        21
  CP014529.1    966709   2376592        21
  CP014529.1    238227   2383822        37
  CP014529.1    608269   2383872        50
  CP014529.1    577990   2383885        48
  CP014529.1   2578269   2383944        20
  CP014529.1    483852   2383953        36
  CP014529.1    314797   2383965        27
  CP014529.1    152665   2384248        21
  CP014529.1    885513   2389176        20
  CP014529.1   2115679   2392337        33
  CP014529.1    658833   2392377        22
  CP014529.1    949138   2394114        44
  CP014529.1   2124219   2396109        77
  CP014529.1   1304049   2399026        43
  CP014529.1     80587   2399384        32
  CP014529.1   2124219   2399455       277
  CP014529.1   2741659   2399538      3563
  CP014529.1   2418607   2402939       354
  CP014529.1   2514807   2402940      1431
  CP014529.1   2418962   2403294      1345
  CP014529.1   2746494   2404372       345
  CP014529.1   2516329   2404462       256
  CP014529.1   2746840   2404718        63
  CP014529.1   2516603   2404736       100
  CP014529.1   2420449   2404781       150
  CP014529.1   2746956   2404835       122
  CP014529.1   2516704   2404837       141
  CP014529.1   1104892   2406922        22
  CP014529.1   1673756   2419430        20
  CP014529.1    916778   2426498        20
  CP014529.1    914225   2429014        26
  CP014529.1    914256   2429045        26
  CP014529.1    910282   2432972        42
  CP014529.1   2098286   2436050      1794
  CP014529.1   1780857   2444756        20
  CP014529.1    862237   2449574        20
  CP014529.1   1421510   2455158        21
  CP014529.1    165795   2455237        25
  CP014529.1   1579774   2455272        25
  CP014529.1   2562958   2455307        22
  CP014529.1     14630   2455335        49
  CP014529.1    608274   2455404        60
  CP014529.1    658832   2455463        23
  CP014529.1    954100   2457763        20
  CP014529.1   2086015   2469841        20
  CP014529.1   1799031   2471627        27
  CP014529.1     14362   2471629        28
  CP014529.1   2466562   2471633        26
  CP014529.1    675505   2471658        24
  CP014529.1   2563120   2471663        48
  CP014529.1    825943   2471664       119
  CP014529.1    424911   2471756        28
  CP014529.1     14768   2471787        27
  CP014529.1   1473476   2471800        22
  CP014529.1    181032   2471863        24
  CP014529.1    658832   2471887        22
  CP014529.1   2733035   2479762        34
  CP014529.1    871514   2479764        93
  CP014529.1    452437   2479858        26
  CP014529.1     54262   2479864        32
  CP014529.1    662787   2479868        35
  CP014529.1   1216690   2479904        23
  CP014529.1    578694   2479939        20
  CP014529.1   2462832   2479962        21
  CP014529.1    893702   2481039        20
  CP014529.1   2123771   2488226        22
  CP014529.1   1417504   2495395        20
  CP014529.1    225301   2497057        24
  CP014529.1    812833   2517104        23
  CP014529.1    555196   2517106        23
  CP014529.1    137266   2517107        41
  CP014529.1    662925   2517109        41
  CP014529.1   1208887   2517110        44
  CP014529.1   1946858   2517112        76
  CP014529.1   1023480   2517131        82
  CP014529.1    452282   2517174        93
  CP014529.1    871513   2517234       119
  CP014529.1    452398   2517290        65
  CP014529.1     54262   2517335        32
  CP014529.1    662787   2517339        44
  CP014529.1   1036946   2517355        30
  CP014529.1   1947004   2517380        40
  CP014529.1    359515   2517421        54
  CP014529.1    563287   2517446        36
  CP014529.1   1223494   2517463        35
  CP014529.1    388146   2517489        30
  CP014529.1   1216588   2517520        30
  CP014529.1   2733338   2517540        52
  CP014529.1    388197   2517541        52
  CP014529.1   1253216   2517577        25
  CP014529.1    618841   2517584        25
  CP014529.1    423079   2517603        20
  CP014529.1   2340773   2517609        26
  CP014529.1   2608969   2530439        20
  CP014529.1    826169   2530440        23
  CP014529.1   1725501   2535831        30
  CP014529.1   1223262   2535833        45
  CP014529.1    887980   2535891        40
  CP014529.1   1036988   2535903        33
  CP014529.1   1134243   2535921        26
  CP014529.1    662865   2535923        31
  CP014529.1    662900   2535954        23
  CP014529.1   2434515   2535997        21
  CP014529.1   2434542   2536024        27
  CP014529.1   1667728   2547446        20
  CP014529.1    618860   2553558        61
  CP014529.1   2252710   2554244        20
  CP014529.1   2252740   2554274        99
  CP014529.1   2252839   2554372      6280
  CP014529.1   2259187   2560720        38
  CP014529.1   2259226   2560759        38
  CP014529.1   2259385   2560918        38
  CP014529.1   2260826   2562638        29
  CP014529.1   1859703   2566347      1517
  CP014529.1   2281477   2580767        20
  CP014529.1   2281648   2581099        23
  CP014529.1   2282567   2581336        42
  CP014529.1   2282611   2581380       134
  CP014529.1   2281867   2581509        41
  CP014529.1   2282747   2581516      2201
  CP014529.1   2285107   2583900        22
  CP014529.1   2286070   2584653        64
  CP014529.1   2286153   2584736        35
  CP014529.1   2286246   2584829        66
  CP014529.1   2286341   2584924        40
  CP014529.1   2286401   2584984        29
  CP014529.1   2286431   2585014        35
  CP014529.1   2286492   2585075        39
  CP014529.1   2286536   2585119        29
  CP014529.1   2286595   2585178        54
  CP014529.1   2286650   2585233        40
  CP014529.1   2286691   2585274        44
  CP014529.1   2286736   2585319        88
  CP014529.1   2286825   2585408        21
  CP014529.1   2286857   2585440        26
  CP014529.1   2286884   2585467        35
  CP014529.1   2286923   2585506        32
  CP014529.1   2286980   2585563        28
  CP014529.1   2287062   2585645        22
  CP014529.1   2287085   2585668        30
  CP014529.1   2287259   2585842        62
  CP014529.1   2287323   2585906        28
  CP014529.1   2287406   2585989        62
  CP014529.1   2287514   2586097        82
  CP014529.1   2287597   2586180        23
  CP014529.1   2289144   2586990        29
  CP014529.1   2289184   2587030        43
  CP014529.1   2289228   2587074        44
  CP014529.1   2289273   2587119       926
  CP014529.1   2290200   2588046        38
  CP014529.1   2290364   2588210        93
  CP014529.1   2291634   2590299        83
  CP014529.1   2291727   2590392        44
  CP014529.1   2291772   2590437       115
  CP014529.1   2291921   2590586        34
  CP014529.1   2291996   2590661        23
  CP014529.1   1980940   2590943        21
  CP014529.1   2292551   2591246        26
  CP014529.1   2293464   2591302        40
  CP014529.1   2293622   2591460        26
  CP014529.1   2293888   2591732        32
  CP014529.1   2293946   2591790        49
  CP014529.1   2293996   2591840        44
  CP014529.1   2294041   2591885        52
  CP014529.1   2294366   2592210        25
  CP014529.1   2294507   2592404        24
  CP014529.1   2252342   2595630        93
  CP014529.1   2252445   2595840        32
  CP014529.1   2116358   2598857        20
  CP014529.1     57369   2599354        20
  CP014530.1     56170   2600940        21
  CP014529.1    700794   2642455        21
  CP014529.1    700820   2642481        21
  CP014529.1   2692322   2645694        28
  CP014529.1    689502   2653748        20
  CP014529.1    689528   2653774        20
  CP014529.1   2595498   2662265        21
  CP014529.1   2361972   2667706        20
  CP014529.1   1642329   2667748        28
  CP014529.1    871614   2667767        24
  CP014529.1   2172069   2673115        20
  CP014529.1    559983   2679293        23
  CP014529.1   2115549   2680202        20
  CP014529.1   2595498   2680212        21
  CP014529.1    165783   2680248        22
  CP014529.1    238259   2680282        29
  CP014529.1   2608904   2680327        38
  CP014529.1    826146   2680330        41
  CP014529.1   2578247   2680351        24
  CP014529.1    606781   2680357        26
  CP014529.1   2616512   2680373        24
  CP014529.1    807342   2680400        31
  CP014529.1   2576034   2680423        27
  CP014529.1     14600   2680452        41
  CP014529.1    825913   2680465        44
  CP014529.1     16737   2680469        95
  CP014529.1    165947   2680533        60
  CP014529.1   2618124   2680564        51
  CP014529.1    887810   2684441        23
  CP014529.1   1725502   2684444        21
  CP014529.1   2692360   2694358        51
  CP014529.1   2499210   2694410        22
  CP014529.1    314351   2694423       157
  CP014529.1    608398   2694538        45
  CP014529.1    504136   2694594        46
  CP014529.1   1017839   2694603        41
  CP014529.1   2190790   2694660        22
  CP014529.1    132697   2694682        34
  CP014529.1    238321   2694697        27
  CP014529.1     16617   2694703        36
  CP014529.1   2618032   2694704        56
  CP014529.1    483593   2694719        48
  CP014529.1    607845   2694720        51
  CP014529.1     16763   2694727        69
  CP014529.1    165947   2694765        36
  CP014529.1   2309083   2696837       392
  CP014529.1   1605196   2696891      1010
  CP014529.1    424040   2697932        20
  CP014529.1    966785   2699461        20
  CP014530.1     39145   2705508        24
  CP014529.1    340130   2724255        49
  CP014529.1   2751243   2724256        84
  CP014529.1    598948   2724260        97
  CP014529.1    340236   2724361        75
  CP014529.1   1447014   2724437        41
  CP014529.1    607971   2724439        48
  CP014529.1   2069530   2724441       103
  CP014529.1   2578202   2724497        65
  CP014529.1   2692577   2724601        29
  CP014529.1   1994763   2725735        20
  CP014529.1    299611   2734828        21
  CP014529.1   1439519   2734831        21
  CP014529.1   2198371   2734834        20
  CP014529.1    452341   2734835        20
  CP014529.1    648713   2734853        45
  CP014529.1   2458544   2734854        52
  CP014529.1    376129   2734957        47
  CP014529.1    887832   2734962        60
  CP014529.1    376187   2735015        40
  CP014529.1    555281   2735038        20
  CP014529.1    376187   2735138        61
  CP014529.1    452278   2735140        60
  CP014529.1   2732976   2735143        58
  CP014529.1    618809   2735277        48
  CP014529.1   2458364   2735286        43
  CP014529.1   2458477   2735399        52
  CP014529.1   1023773   2735515        29
  CP014529.1    452474   2736266        30
  CP014529.1   1947004   2736280        30
  CP014529.1    563037   2736288        27
  CP014529.1   1571965   2736294        31
  CP014529.1   1216421   2736376        24
  CP014529.1   1208886   2736378        45
  CP014529.1   1946858   2736381        57
  CP014529.1    555221   2736400        51
  CP014529.1   1650418   2736403        58
  CP014529.1    618809   2736453        35
  CP014529.1   1507467   2736471        23
  CP014529.1    662913   2736489        26
  CP014529.1    662682   2736501        50
  CP014529.1    562884   2736502       115
  CP014529.1   1253213   2736596        27
  CP014529.1   1023810   2736606        24
  CP014529.1   1225168   2736639        25
  CP014529.1    602062   2741182        23
  CP014529.1    602091   2741211        23
  CP014529.1    618865   2744177        63
  CP014529.1     28666   2744241       107
  CP014529.1   2088808   2744677        20
  CP014529.1   2413771   2746392        20
  CP014529.1   2564127   2749036        20
  CP014529.1   2434505   2750828        22
  CP014529.1    863337   2764582        20
  CP014529.1    504135   2764607        26
  CP014529.1    871410   2765201        22
  CP014529.1   1209029   2765202        22
  CP014529.1    555203   2765252        60
  CP014529.1   1023519   2765309        20
  CP014529.1    555264   2765313        34
  CP014529.1   2732994   2765330        40
  CP014529.1   1223509   2765371        20
  CP014529.1   2458414   2765382        39
  CP014529.1   2733319   2765413        32
  CP014529.1   2458454   2765422        68
  CP014529.1   2466424   2765446        46
  CP014529.1   1023698   2765486        36
  CP014529.1   1216474   2765542        22
  CP014529.1    648769   2765565        47
  CP014529.1     14354   2765617        29
  CP014529.1   2692326   2765625        22
  CP014529.1   1017568   2765635        21
  CP014529.1   2489543   2765637        20
  CP014529.1   2706343   2769562        20
  CP014529.1    571875   2771368        24
  CP014529.1    571904   2771397        24
  CP014535.1      8063   2775467        20
  CP014530.1    170300   2775770        33
  CP014531.1      4681   2775771       661
  CP014531.1     31863   2775961       510
  CP014530.1    170529   2775999       581
  CP014531.1      5343   2776433       148
  CP014531.1     16165   2776557        25
  CP014531.1     15378   2781503       811
  CP014531.1      3827   2783147        20
  CP014529.1   2152338   2783906        21
  CP014531.1     10414   2786937       619
  CP014531.1     16150   2787708        40
  CP014531.1     27305   2792093        20
  CP014530.1    185251   2795497        26
  CP014530.1    163262   2795499       334
  CP014531.1      4681   2795500       809
  CP014531.1     16559   2796611        20
  CP014531.1     17715   2796721        47
  CP014531.1     17763   2796769       170
  CP014531.1     17934   2796940        55
  CP014531.1     17990   2796996        23
  CP014531.1     18041   2797047        30
  CP014531.1     19689   2797504        21
  CP014531.1     19790   2797603        27
  CP014531.1     20271   2798083        26
  CP014533.1     12420   2798242        21
  CP014531.1      4681   2798245       810
  CP014531.1     16165   2799031        25
  CP014531.1     21309   2799121        26
  CP014531.1     21788   2799601        27
  CP014531.1     21893   2799708        21
  CP014531.1     22341   2801347        30
  CP014531.1     22399   2801405        23
  CP014531.1     22423   2801429        30
  CP014531.1     22454   2801460        24
  CP014531.1     22479   2801485       168
  CP014531.1     22662   2801668        51
  CP014531.1     22787   2802839        20
  CP014531.1     31671   2803228        40
  CP014531.1      4680   2803229       811
  CP014531.1     16165   2804016        25
  CP014531.1     14921   2804440        20
  CP014531.1     13680   2804450        20
  CP014531.1     14958   2804477        20
  CP014531.1     13683   2805713        22
  CP014531.1     14948   2805718        20
  CP014535.1      8063   2807891        20
  CP014530.1    170300   2808194        33
  CP014531.1      4681   2808195       661
  CP014531.1     31863   2808385       510
  CP014530.1    170529   2808423       581
  CP014531.1      5343   2808857       148
  CP014531.1     16165   2808981        25
  CP014534.1     16911   2826582        22
  CP014534.1     16940   2826611        22
  CP014529.1    426258   2828479        22
  CP014534.1     10222   2833340        20
  CP014530.1    192727   2833986        28
  CP014530.1    192785   2834045        25
  CP014530.1    192872   2834126        28
  CP014530.1     60745   2834177        30
  CP014530.1    198940   2834279        21
  CP014529.1   1941116   2839180        20
  CP014530.1      2882   2842156       332
  CP014530.1      3213   2842486       431
  CP014530.1      3643   2842915      2419
  CP014530.1      6056   2845329      3125
  CP014530.1      9179   2848453       192
  CP014530.1      9372   2848645        70
  CP014530.1      9443   2848715        78
  CP014530.1      9522   2848794      1369
  CP014534.1       908   2850621        22
  CP014530.1     11366   2850639        47
  CP014534.1       947   2850660       234
  CP014530.1     11621   2850894        49
  CP014534.1      1230   2850941       103
  CP014530.1     11761   2851034        28
  CP014534.1      1332   2851044       142
  CP014530.1     11908   2851181        25
  CP014534.1      1491   2851203        50
  CP014530.1     11947   2851220        63
  CP014534.1      1537   2851248       206
  CP014534.1      1774   2851483       428
  CP014534.1      2242   2851949        67
  CP014532.1      7894   2852013       188
  CP014532.1      8078   2852196        79
  CP014532.1      8162   2852278       280
  CP014532.1      8454   2852565       319
  CP014532.1      8772   2852885       274
  CP014532.1      9043   2853158        90
  CP014532.1      9129   2853245        96
  CP014532.1      9224   2853341        63
  CP014532.1      9281   2853399        30
  CP014532.1         1   2853429      5619
  CP014532.1      5615   2859044       485
  CP014532.1      6096   2859526       575
  CP014532.1      6667   2860096       213
  CP014532.1      6875   2860303       100
  CP014532.1      6976   2860403        58
  CP014532.1      7045   2860474      1189
  CP014532.1      8228   2861656        43
  CP014532.1      8274   2861702       104
  CP014532.1      8376   2861803       314
  CP014532.1      8688   2862114        85
  CP014532.1      8772   2862200       177
  CP014532.1      8946   2862373        66
  CP014532.1      9008   2862436        35
  CP014532.1      9044   2862474        89
  CP014532.1      9146   2862576        79
  CP014532.1      9224   2862655        63
  CP014532.1      9281   2862713        30
  CP014532.1         1   2862742       673
  CP014533.1     12421   2866063        20
  CP014531.1      4681   2866065       661
  CP014531.1     31863   2866255       510
  CP014530.1    170529   2866293       581
  CP014531.1      5343   2866727       148
  CP014531.1     16165   2866851        25
  CP014529.1    426260   2871717        20
  CP014535.1        23   2872959     55793
  CP014529.1   1317304   2927974      2345
  CP014535.1     55817   2928753      8549
  CP014530.1    186133   2940236        26
  CP014530.1    186166   2940269        35
  CP014530.1     71406   2940288      1519
  CP014530.1    187688   2941791        35
  CP014530.1    187730   2941833        26
  CP014530.1    170720   2942348       390
  CP014531.1     23895   2942715        26
  CP014530.1     87769   2944935       124
  CP014530.1     73020   2944990       150
  CP014530.1     87894   2945060       918
  CP014530.1     73171   2945141      1693
  CP014529.1   1618581   2948315        20
  CP014530.1    172368   2955600        24
  CP014531.1     10414   2956882       581
  CP014530.1    164337   2957821        27
  CP014530.1    164367   2957851        31
  CP014530.1    170110   2963594        31
  CP014530.1    170144   2963628        27
  CP014530.1     37560   2963918       149
  CP014531.1     23585   2964396       334
  CP014529.1    554289   2968310        22
  CP014529.1   2357475   2969582      1345
  CP014530.1    135139   2972521        28
  CP014530.1    135773   2973155        20
  CP014529.1   2229778   2973285       390
  CP014529.1    127498   2974203       146
  CP014529.1   1666648   2975575        21
  CP014529.1   1347104   2975738      1340
  CP014530.1     25611   2975794      1289
  CP014529.1    126572   2977762       106
  CP014529.1   2229772   2977764       700
  CP014529.1   1655064   2979928        20
  CP014529.1    448680   2980274        20
  CP014529.1    284333   2982626        21
  CP014530.1     23931   2984100       159
  CP014529.1   1373590   2984108       732
  CP014530.1     24672   2984841       335
  CP014529.1    266304   2985190        20
  CP014529.1    266325   2985211        26
  CP014529.1    266353   2985239        31
  CP014529.1    266600   2985528        75
  CP014529.1    266676   2985604        58
  CP014529.1    266740   2985668       172
  CP014529.1    266913   2985841        27
  CP014529.1    266957   2985885        33
  CP014529.1    267007   2985944        21
  CP014529.1    266924   2986969        28
  CP014529.1    266953   2986998        40
  CP014529.1    266994   2987039        43
  CP014529.1    267044   2987089        46
  CP014529.1    267091   2987136        35
  CP014529.1    122689   2987168       247
  CP014529.1   2327921   2987931       279
  CP014529.1   1368241   2987970       241
  CP014530.1     87769   2989231       124
  CP014530.1     73020   2989286       150
  CP014530.1     87894   2989356       918
  CP014530.1     73171   2989437      1426
  CP014530.1     74598   2990864       221
  CP014530.1     74820   2991086        44
  CP014530.1    154817   2992199        20
  CP014530.1    155356   2992738        25
  CP014530.1    155443   2992825        28
  CP014529.1   2255020   2993585        64
  CP014529.1   2255085   2993650       177
  CP014529.1   2255263   2993828       101
  CP014529.1   2255376   2993941        83
  CP014529.1   2255477   2994042       157
  CP014529.1   2255635   2994200        77
  CP014529.1   2255713   2994278       243
  CP014529.1   2255957   2994522       429
  CP014529.1   2255019   2996200        65
  CP014529.1   2255085   2996266       549
  CP014529.1   2255635   2996816       591
  CP014529.1   2256234   2997415        74
  CP014529.1   2256309   2997490        77
  CP014535.1     55435   3001685       491
  CP014529.1   1246881   3003560       739
  CP014529.1   1365372   3005021        55
  CP014529.1    530535   3006941        50
  CP014529.1    530589   3006995        82
  CP014529.1    530724   3007129        25
  CP014529.1    530755   3007155        24
  CP014529.1    530905   3007305        24
  CP014529.1    530930   3007330        37
  CP014529.1    532501   3007344        58
  CP014529.1    532571   3007414        32
  CP014529.1    532614   3007457        27
  CP014530.1     93581   3015010        22
  CP014530.1     93604   3015033        91
  CP014530.1     93720   3015149       113
  CP014530.1     93877   3015306        34
  CP014530.1     93921   3015350        20
  CP014530.1     93942   3015371        32
  CP014530.1     93992   3015421        66
  CP014530.1     94068   3015497       102
  CP014530.1     94171   3015600       101
  CP014530.1     94273   3015702        60
  CP014530.1     94347   3015776       247
  CP014530.1     94595   3016024       486
  CP014535.1     22137   3023819        20
  CP014529.1     39003   3031297        24
  CP014529.1     39083   3031377        21
  CP014529.1     39173   3031467        21
  CP014529.1     39195   3031489        26
  CP014529.1     39906   3032200        23
  CP014529.1     40110   3032404        20
  CP014529.1     40452   3032746        23
  CP014529.1     40577   3032871        21
  CP014529.1   1253276   3032906        54
  CP014530.1    111482   3032911       486
  CP014530.1    112291   3033720       101
  CP014529.1   1255647   3033766       158
  CP014530.1    112505   3033934        66
  CP014529.1   1256270   3034389        26
  CP014530.1    149502   3037878        27
  CP014530.1    181199   3038365        27
  CP014529.1   2650822   3038576        22
  CP014530.1    181414   3038580        20
  CP014529.1   2506046   3040315      1515
  CP014529.1   2478772   3041810        24
  CP014529.1   2667150   3043126        21
  CP014529.1   1413385   3043559      1416
  CP014529.1   1304049   3046276        43
  CP014530.1    181158   3053128      1693
  CP014530.1     71399   3055060        23
  CP014530.1    186185   3055067      1519
  CP014530.1     72909   3056570        23
  CP014529.1   1304054   3058224        38
  CP014531.1     15064   3064291       315
  CP014529.1   2309082   3064293       393
  CP014529.1   1605196   3064348      1012
  CP014529.1   2309474   3064683       679
  CP014534.1      9337   3067217        30
  CP014534.1      9393   3067269        25
  CP014534.1      9535   3067413        22
  CP014529.1   1304049   3071344        43
  CP014529.1    742335   3071801        21
  CP014529.1   2098288   3072392      1791
  CP014529.1   2211541   3076007        21
  CP014529.1    258651   3077939      1680
  CP014529.1    423103   3080733        62
  CP014529.1    423170   3080800        38
  CP014529.1    423223   3081429        51
  CP014529.1    423275   3081481        92
  CP014529.1    423368   3081574        29
  CP014529.1    423418   3081624        21
  CP014529.1    423445   3081651       529
  CP014529.1    423975   3082181        27
  CP014529.1    424003   3082209        28
  CP014529.1    424033   3082238        56
  CP014529.1   1189367   3087101       102
  CP014529.1   1189470   3087204       306
  CP014529.1   1189777   3087511       915
  CP014529.1    637764   3088823        24
  CP014529.1   1309411   3088961        20
  CP014530.1     37559   3089647        26
  CP014530.1    170300   3089649        33
  CP014530.1    170818   3090138       292
  CP014530.1    163925   3090283       149
  CP014530.1     38319   3090407        26
  CP014530.1    150909   3101092      1289
  CP014529.1   1241255   3102384        53
  CP014529.1   1771341   3102948        20
  CP014529.1   2309080   3102984       395
  CP014529.1   1605196   3103041       518
  CP014530.1    143733   3103902       159
  CP014529.1    391554   3106762        20
  CP014534.1     10222   3107078        20
  CP014530.1     17558   3110380        20
  CP014530.1     17592   3110414        20
  CP014529.1   1755428   3112091        20
  CP014529.1   2098284   3116640      1639
  CP014529.1   2099924   3118280       156
  CP014534.1      9244   3153843        21
  CP014529.1   1808219   3154776       776
  CP014529.1   1247960   3155115       442
  CP014534.1      9244   3159701        21
  CP014529.1   1808219   3160635       776
  CP014529.1   1247960   3160974       443
  CP014529.1   1808945   3162801        53
  CP014529.1   2358433   3163874       385
  CP014534.1      9390   3164323        28
  CP014530.1    192799   3164359        24
  CP014530.1    192840   3164400        24
  CP014534.1      9474   3164413        25
  CP014534.1      9530   3164468        28
